0 0.254167 0.499479 0.0916667 0.0302083 0.253845
0 0.108333 0.479167 0.0916667 0.0229167 0.281125
0 0.00902778 0.475 0.0180556 0.0354167 0.282482
0 0.278472 0.330208 0.145833 0.0208333 0.35808
0 0.2625 0.473958 0.0777778 0.0208333 0.472946
0 0.134722 0.465625 0.102778 0.0208333 0.518525
0 0.816667 0.479167 0.111111 0.0458333 0.609706
0 0.233333 0.309896 0.230556 0.0364583 0.705935
0 0.909028 0.607292 0.1375 0.0291667 0.753915
0 0.897917 0.267708 0.115278 0.0395833 0.787375
0 0.338889 0.465625 0.0833333 0.03125 0.82172
0 0.920833 0.29375 0.158333 0.0541667 0.837274
0 0.427778 0.311458 0.144444 0.03125 0.852083
0 0.0409722 0.325 0.0736111 0.05 0.876173
0 0.7875 0.294271 0.116667 0.0572917 0.919609
0 0.558333 0.306771 0.113889 0.0552083 0.933008
