0 0.01875 0.364062 0.0375 0.115625 0.253296
0 0.545139 0.407292 0.145833 0.0479167 0.259185
0 0.858333 0.272396 0.0777778 0.0385417 0.303179
0 0.21875 0.247396 0.204167 0.034375 0.314937
0 0.511111 0.289062 0.0861111 0.0260417 0.342481
0 0.025 0.254687 0.05 0.040625 0.416737
0 0.0243056 0.313542 0.0486111 0.152083 0.437979
0 0.511111 0.342187 0.0888889 0.046875 0.440577
0 0.743056 0.329688 0.125 0.0385417 0.526183
0 0.592361 0.333333 0.0708333 0.0458333 0.571027
0 0.377778 0.248437 0.0694444 0.0177083 0.58513
0 0.169444 0.243229 0.102778 0.034375 0.60666
0 0.532639 0.385417 0.123611 0.0770833 0.705656
0 0.861111 0.285417 0.0916667 0.0729167 0.766052
0 0.352778 0.190104 0.455556 0.046875 0.774587
0 0.744444 0.307292 0.122222 0.06875 0.825277
0 0.594444 0.416667 0.0722222 0.0333333 0.862922
0 0.907639 0.228646 0.184722 0.0385417 0.866781
0 0.74375 0.377083 0.1125 0.0854167 0.869437
0 0.722917 0.258854 0.0652778 0.0385417 0.901313
