0 0.254861 0.495833 0.0958333 0.0291667 0.291557
0 0.277778 0.330729 0.15 0.0197917 0.323039
0 0.0159722 0.419792 0.0319444 0.0666667 0.379086
0 0.106944 0.478125 0.0833333 0.025 0.389314
0 0.263194 0.473437 0.0791667 0.0197917 0.413459
0 0.820139 0.484375 0.123611 0.0541667 0.457685
0 0.911111 0.608854 0.155556 0.0302083 0.589493
0 0.234028 0.310417 0.2375 0.0375 0.644954
0 0.9 0.270833 0.122222 0.0458333 0.693377
0 0.141667 0.466146 0.105556 0.021875 0.702475
0 0.919444 0.289062 0.161111 0.0614583 0.742185
0 0.341667 0.466146 0.0805556 0.0322917 0.769307
0 0.427778 0.313542 0.147222 0.0291667 0.785432
0 0.0409722 0.325 0.0763889 0.0520833 0.880143
0 0.786806 0.29375 0.120833 0.05625 0.897575
0 0.561111 0.307292 0.116667 0.0520833 0.915721
